,Year,Region,HCHO reading,Population,population_density
0,2019,Colombo,0.0001551549938482565,2448000.0,3502.15
14,2021,Colombo,0.00014188610569753712,2480000.0,3547.93
21,2022,Colombo,0.0001477393202312202,2478000.0,3545.06
7,2020,Colombo,0.00015642732954677794,2455000.0,3512.1600000000003
28,2023,Colombo,0.000155890710052278,2460000.0,3519.31
22,2022,Jaffna,0.00010211392521757157,629000.0,613.66
15,2021,Jaffna,9.731590438869363e-05,626000.0,610.73
8,2020,Jaffna,0.0001064187943885022,621000.0,605.85
1,2019,Jaffna,0.00010788878836774917,617000.0,601.95
29,2023,Jaffna,0.00011071538765732337,628000.0,612.68
30,2023,Kandy,9.88988062646235e-05,1482000.0,763.92
9,2020,Kandy,0.00010542375591984074,1483000.0,764.4300000000001
23,2022,Kandy,0.00010456789303184542,1499000.0,772.6799999999998
2,2019,Kandy,0.00010776182634897089,1476000.0,760.8200000000002
16,2021,Kandy,9.034321284735884e-05,1501000.0,773.71
24,2022,Kurunegala,0.00012440019882527467,1742000.0,361.71
31,2023,Kurunegala,0.00012641151830146118,1727000.0,358.6
17,2021,Kurunegala,0.00012375620961885636,1743000.0,361.9200000000001
3,2019,Kurunegala,0.00012923990865840794,1719000.0,356.94
10,2020,Kurunegala,0.00013240316418111644,1726000.0,358.39
18,2021,Matara,7.586320615491267e-05,873000.0,680.44
32,2023,Matara,8.487823815652889e-05,869000.0,677.32
4,2019,Matara,8.831156022842874e-05,863000.0,672.64
11,2020,Matara,9.790163239554268e-05,866000.0,674.98
25,2022,Matara,9.061188060524235e-05,874000.0,681.22
5,2019,Monaragala,0.00011750589233760247,496000.0,87.96
26,2022,Monaragala,0.00012737906902527817,509000.0,90.26
12,2020,Monaragala,0.00011078157939603393,501000.0,88.85
19,2021,Monaragala,0.00012161087354766001,505000.0,89.55
33,2023,Monaragala,0.00012308422003168813,509000.0,90.26
27,2022,Nuwara Eliya,8.183611786359953e-05,783000.0,449.74
6,2019,Nuwara Eliya,8.833391353362408e-05,768000.0,441.13000000000005
13,2020,Nuwara Eliya,8.165046205434022e-05,773000.0,444.0
20,2021,Nuwara Eliya,8.059106700930272e-05,780000.0,448.02
34,2023,Nuwara Eliya,8.441677316913475e-05,781000.0,448.5899999999999
